price,available,min_fiat,max_fiat,orders,completion,positive,merchant_age_days,pro,nick,proven
18.0,200.0,150.0,1000000.0,0,0.0,100.0,0.0,False,User-7537a,False
16.5,3579.98,5000.0,86000.0,1043,98.9,100.0,0.0,False,PrimeJefTrades,True
16.5,1805.68,500.0,1000000.0,12,85.8,95.535714,0.0,False,Nqobizitha,False
16.41,1100.0,9000.0,9010.0,45,100.0,0.0,0.0,False,Bag_trades,True
16.33,28311.59,700.0,726.0,44,89.8,97.61904700000001,0.0,False,amingo_xchange,False
16.26,215.88,1000.0,20000.0,971,99.1,99.426934,0.0,False,Fast_Fast_USDT,True
16.25,470.0,7630.0,7640.0,4,100.0,100.0,0.0,False,P2P-267a2ekq,False
16.22,2066.0,25000.0,28400.0,39,72.3,97.897897,0.0,False,QUICK-TETHER,False
16.2,895.07,10000.0,14500.0,406,99.3,97.972972,0.0,False,TracyMiller,True
16.19,43297.34,5000.0,50000.0,541,97.39999999999999,97.333333,0.0,False,Mpofana,True
16.18,90144.41,5000.0,50000.0,38,90.5,96.836982,0.0,False,Ntombomzi,True
16.12,200000.0,100000.0,3302000.0,1,100.0,99.79466099999999,0.0,False,SWIFT_CRYPTO,False
16.03,156844.05,5000.0,20000000.0,8293,100.0,100.0,0.0,True,Nftwholesalers,True
16.01,1000000.0,3000000.0,22000000.0,384,97.0,96.44870300000001,0.0,False,MT_FIN_HOLDINGS,True
16.01,147651.19,1500.0,2999.0,627,95.5,95.64806,0.0,False,GodAnointedone,True
16.0,3125.0,15000.0,50000.0,11,100.0,100.0,0.0,False,User-c4f30,False
16.0,189100.36,2900.0,22000000.0,294,71.39999999999999,91.014492,0.0,False,Alphadontobak,False
16.0,36199.69,7000.0,150000.0,57,96.7,99.47368399999999,0.0,False,YTsuri,True
15.98,198703.86,4500.0,150000.0,17,70.89999999999999,99.188229,0.0,False,Sweven,False
15.98,199670.54,4500.0,150000.0,17,70.89999999999999,99.188229,0.0,False,Sweven,False
15.93,600.0,2000.0,10000.0,0,0.0,100.0,0.0,False,Crypto_shop55,False
15.85,194756.27,5000.0,22000000.0,196,92.9,92.734082,0.0,False,certiefied_trader,True
15.8,76151.18,1000.0,1000000.0,294,71.39999999999999,91.014492,0.0,False,Alphadontobak,False
15.8,93902.33,500.0,2999.0,627,95.5,95.64806,0.0,False,GodAnointedone,True
15.79,183662.67,1000.0,40000.0,1395,99.7,99.786172,0.0,False,LNYN,True
15.77,843.84,1000.0,16100.0,0,0.0,73.68421000000001,0.0,False,OBlancoStudio,False
15.75,1943806.54,5000.0,22000000.0,226,99.2,99.156626,0.0,False,J_wagon,True
15.7,178625.06,1000.0,20000000.0,8293,100.0,100.0,0.0,True,Nftwholesalers,True
15.7,176363.47,1000.0,20000000.0,8293,100.0,100.0,0.0,True,Nftwholesalers,True
15.7,65700.75,1500.0,250000.0,57,96.7,99.47368399999999,0.0,False,YTsuri,True
15.69,9718.64,500.0,100000.0,0,0.0,100.0,0.0,False,Getbtc-247,False
15.63,184037.27,250.0,40000.0,1395,99.7,99.786172,0.0,False,LNYN,True
15.6,175867.35,500.0,20000000.0,8293,100.0,100.0,0.0,True,Nftwholesalers,True
15.58,195348.76,1000.0,1000000.0,1546,99.7,99.028497,0.0,False,UAE_EXANGE_24-7,True
15.53,1000.0,179.0,30000.0,0,0.0,0.0,0.0,False,Mirex34,False
15.53,1000.0,500.0,30000.0,0,0.0,94.736842,0.0,False,Success-David,False
15.53,1200.0,5000.0,25000.0,0,0.0,90.90909,0.0,False,Og banti,False
15.52,152938.14,1000.0,1000000.0,361,97.39999999999999,100.0,0.0,False,SOMO_EXCHANGE_BJ-229,True
15.5,100000.0,15000.0,22000000.0,0,0.0,98.709315,0.0,False,BenHayes,False
15.5,58841.12,500.0,1134000.0,113,97.5,99.869281,0.0,False,Tboy4luv,True
15.5,198168.41,1000.0,1000000.0,1546,99.7,99.028497,0.0,False,UAE_EXANGE_24-7,True
15.49,1589427.87,10000.0,150000.0,3,100.0,99.293785,0.0,False,⭐️Diamond,False
15.46,49898.28,1550.0,22000000.0,259,90.3,95.095168,0.0,False,MassCash,True
15.46,199937.15,1000.0,1000000.0,848,99.5,98.791259,0.0,False,Emarati-First,True
15.45,200000.0,3000.0,22000000.0,226,99.2,99.159663,0.0,False,J_wagon,True
15.45,200000.0,1000.0,1000000.0,1546,99.7,99.028497,0.0,False,UAE_EXANGE_24-7,True
15.45,198842.74,1000.0,1000000.0,848,99.5,98.791259,0.0,False,Emarati-First,True
15.4,199722.68,1000.0,1000000.0,848,99.5,98.791259,0.0,False,Emarati-First,True
15.3,223.05,150.0,1000.0,25,92.60000000000001,100.0,0.0,False,Madambree,True
15.21,48487.94,2000.0,100000.0,101,100.0,99.04059,0.0,False,CoinPlug_SA,True
15.05,1981483.23,5000.0,150000.0,3,100.0,99.293785,0.0,False,⭐️Diamond,False
15.0,47706.19,800.0,100000.0,1,100.0,97.826086,0.0,False,BoroCity,False
14.97,961358.55,4900.0,5000000.0,48,80.0,90.660592,0.0,False,aMoola,False
14.8,74640.94,500.0,220000.0,294,71.39999999999999,91.014492,0.0,False,Alphadontobak,False
14.77,21387.71,150.0,250000.0,57,96.7,99.47368399999999,0.0,False,YTsuri,True
14.74,50000.0,10500.0,22000000.0,0,0.0,84.05172400000001,0.0,False,bigshan,False
14.58,160.0,2000.0,2700.0,2,50.0,100.0,0.0,False,JOYCE-TRUST-EXCHANGE,False
14.57,19978.05,300.0,1000000.0,0,0.0,100.0,0.0,False,Beraca01,False
14.57,994369.08,500.0,22000000.0,48,80.0,90.660592,0.0,False,aMoola,False
14.55,300.0,150.0,3000.0,9,100.0,97.777777,0.0,False,Tetherkiller1818,False
14.5,200000.0,150.0,1000000.0,1,100.0,99.79466099999999,0.0,False,SWIFT_CRYPTO,False
14.5,135376.72,150.0,2999.0,627,95.5,95.64806,0.0,False,GodAnointedone,True
14.49,49931.05,1000.0,1000000.0,0,0.0,100.0,0.0,False,Mr-Enwuru,False
14.49,49962.59,200.0,70000.0,2932,94.3,94.594594,0.0,False,Tash-de,True
14.41,49954.0,500.0,45000.0,0,0.0,100.0,0.0,False,Lordsclickz,False
14.41,50000.0,1000.0,1000000.0,0,0.0,100.0,0.0,False,kevoh funds,False
14.41,199979.13,300.0,120000.0,31,96.89999999999999,95.553691,0.0,False,Pro-Trader,True
14.0,50000.0,5000.0,1000000.0,75,100.0,80.0,0.0,False,Toycash,True
14.0,10000.0,500.0,137300.0,0,0.0,100.0,0.0,False,Collings,False
14.0,56985.04,150.0,870000.0,113,97.5,99.869281,0.0,False,Tboy4luv,True
13.0,47552.68,150.0,650000.0,113,97.5,99.869281,0.0,False,Tboy4luv,True
12.81,949581.06,5000.0,150000.0,3,100.0,99.293785,0.0,False,⭐️Diamond,False
